%YAML:1.0
# General sensor definitions.
camera_id: left_cam

# Sensor extrinsics wrt. the body-frame.
T_BS:
  cols: 4
  rows: 4
  data: [ 9.999400e-01, -8.578000e-03,  6.763000e-03,  7.462184e-02,
        8.555000e-03,  9.999580e-01,  3.345000e-03,  1.098410e-03,
       -6.792000e-03, -3.287000e-03,  9.999720e-01,  4.980000e-05,
        0.000000e+00,  0.000000e+00,  0.000000e+00,  1.000000e+00]

# Camera specific definitions.
rate_hz: 20
resolution: [1280, 720]
camera_model: pinhole
intrinsics: [853.783875, 853.774292, 646.009705, 407.4935] #fu, fv, cu, cv
distortion_model: radial-tangential
distortion_coefficients: [-4.9107550e+00,  1.5082255e+01, -9.5700000e-04, -1.7100000e-03]

